[Clones.ClonesMutator]
DClonesMin=25
DClonesMax=200
ClonesLimit=2500
InstigatorVictim=True
VelocityFactor=0.800000
Deviation=0.900000
RandomXMin=50.000000
RandomXMax=500.000000
RandomZMin=60.000000
RandomZMax=400.000000

[Clones.Miniclone]
SizeFactor=0.500000
SpeedFactor=2.000000
MinDuration=1.000000
MaxDuration=5.000000
Drift=1.000000
mindamage=10
maxdamage=30
MinSprinkles=20
MaxSprinkles=40
MinScream=0.200000
MaxScream=1.500000

